-187.512 387.925 404.819 -20.7465 173.457 -35.101
-198.993 402.334 377.766 -19.9032 170.726 -39.3406
-264.231 371.812 362.689 -33.3748 168.544 -36.1029
-255.974 321.458 427.027 -42.6124 172.896 -26.1226
-257.831 254.95 439.978 55.6209 -164.936 14.1444
-283.087 244.68 431.392 -64.4394 162.182 -7.42835
-313.489 204.679 430.984 -75.1607 157.49 -6.5055
-332.074 173.174 430.847 -82.6562 153.456 -6.11248
-340.362 135.305 401.964 -89.2233 138.716 -1.40345
-340.359 135.305 401.951 -89.2259 138.713 -1.41037
-358.949 102.4 376.364 -94.751 124.977 6.392
-363.33 79.6505 328.454 -96.8871 113.835 8.12979
-284.776 43.2285 387.401 -111.166 101.62 31.5392
-241.967 63.8172 300.288 -111.547 102.672 34.7731
-277.554 -54.5797 149.32 -2.08115 160.827 65.3667
-219.501 213.049 406.036 -102.352 -135.308 11.0012
-396.211 230.953 346.046 93.7969 138.674 -2.06994
-298.385 200.657 472.637 -96.9653 -145.524 10.1295
-158.462 157.61 316.712 -86.6924 -132.317 15.9444
